320.000000 100.000000
319.690187 107.865533
318.762668 115.682329
317.223190 123.401953
315.081291 130.976573
312.350244 138.359254
309.046972 145.504251
305.191941 152.367291
300.809039 158.905851
295.925423 165.079414
290.571353 170.849729
284.780005 176.181040
278.587264 181.040314
272.031500 185.397441
265.153336 189.225424
257.995390 192.500542
250.602015 195.202504
243.019021 197.314565
235.293396 198.823641
227.473009 199.720380
219.606318 199.999225
211.742065 199.658449
203.928981 198.700164
196.215478 197.130307
188.649349 194.958605
181.277477 192.198515
174.145540 188.867140
167.297729 184.985120
160.776475 180.576511
154.622185 175.668628
148.872993 170.291883
143.564522 164.479592
138.729666 158.267768
134.398382 151.694902
130.597507 144.801721
127.350593 137.630937
124.677759 130.226982
122.595567 122.635733
121.116917 114.904227
120.250973 107.080370
120.003100 99.212642
120.374833 91.349792
121.363870 83.540541
122.964081 75.833277
125.165553 68.275757
127.954643 60.914808
131.314070 53.796041
135.223018 46.963566
139.657266 40.459718
144.589339 34.324798
149.988676 28.596818
155.821821 23.311270
167.297729 15.014880
174.145540 11.132860
181.277477 7.801485
188.649349 5.041395
196.215478 2.869693
203.928981 1.299836
211.742065 0.341551
219.606318 0.000775
227.473009 0.279620
235.293396 1.176359
243.019021 2.685435
250.602015 4.797496
257.995390 7.499458
265.153336 10.774576
272.031500 14.602559
278.587264 18.959686
284.780005 23.818960
290.571353 29.150271
295.925423 34.920586
300.809039 41.094149
305.191941 47.632709
309.046972 54.495749
312.350244 61.640746
315.081291 69.023427
317.223190 76.598047
318.762668 84.317671
319.690187 92.134467
320.000000 100.000000
